programa -1 -1 2
uno@ -55 -1 2
; -75 -1 2
variables -15 -1 3
entero -11 -1 4
a& -51 -2 4
, -76 -1 4
b& -51 -2 4
, -76 -1 4
suma& -51 -2 4
; -75 -1 4
real -12 -1 5
num% -52 -2 5
, -76 -1 5
c% -52 -2 5
, -76 -1 5
d% -52 -2 5
; -75 -1 5
cadena -13 -1 6
letra$ -53 -2 6
, -76 -1 6
caracter$ -53 -2 6
; -75 -1 6
logico -14 -1 7
valor# -54 -2 7
, -76 -1 7
log# -54 -2 7
; -75 -1 7
inicio -2 -1 8
leer -4 -1 10
( -73 -1 10
a& -51 -2 10
) -74 -1 10
; -75 -1 10
leer -4 -1 11
( -73 -1 11
b& -51 -2 11
) -74 -1 11
; -75 -1 11
si -6 -1 12
( -73 -1 12
a& -51 -2 12
> -33 -1 12
b& -51 -2 12
) -74 -1 12
entonces -16 -1 12
inicio -2 -1 13
leer -4 -1 14
( -73 -1 14
suma& -51 -2 14
) -74 -1 14
; -75 -1 14
a& -51 -2 15
= -26 -1 15
( -73 -1 15
b& -51 -2 15
* -21 -1 15
( -73 -1 15
suma& -51 -2 15
+ -24 -1 15
10 -61 -1 15
) -74 -1 15
) -74 -1 15
- -25 -1 15
a& -51 -2 15
; -75 -1 15
escribir -5 -1 16
( -73 -1 16
a& -51 -2 16
) -74 -1 16
; -75 -1 16
mientras -8 -1 17
( -73 -1 17
b& -51 -2 17
> -33 -1 17
20 -61 -1 17
) -74 -1 17
hacer -17 -1 17
inicio -2 -1 18
si -6 -1 19
( -73 -1 19
b$ -53 -2 19
< -31 -1 19
50 -61 -1 19
|| -42 -1 19
suma& -51 -2 19
<= -32 -1 19
30 -61 -1 19
) -74 -1 19
entonces -16 -1 19
inicio -2 -1 20
b& -51 -2 21
= -26 -1 21
suma& -51 -2 21
- -25 -1 21
3 -61 -1 21
; -75 -1 21
fin -3 -1 22
leer -4 -1 23
( -73 -1 23
b& -51 -2 23
) -74 -1 23
; -75 -1 23
escribir -5 -1 24
( -73 -1 24
b& -51 -2 24
) -74 -1 24
; -75 -1 24
fin -3 -1 25
fin -3 -1 26
sino -7 -1 27
inicio -2 -1 28
leer -4 -1 29
( -73 -1 29
letra$ -53 -2 29
) -74 -1 29
; -75 -1 29
escribir -5 -1 30
( -73 -1 30
letra$ -53 -2 30
) -74 -1 30
; -75 -1 30
leer -4 -1 31
( -73 -1 31
valor# -54 -2 31
) -74 -1 31
; -75 -1 31
mientras -8 -1 32
( -73 -1 32
valor# -54 -2 32
== -35 -1 32
true -64 -1 32
) -74 -1 32
hacer -17 -1 32
inicio -2 -1 33
leer -4 -1 34
( -73 -1 34
valor# -54 -2 34
) -74 -1 34
; -75 -1 34
num% -52 -2 35
= -26 -1 35
( -73 -1 35
30.56 -62 -1 35
/ -22 -1 35
c% -52 -2 35
) -74 -1 35
+ -24 -1 35
d% -52 -2 35
* -21 -1 35
7.4 -62 -1 35
; -75 -1 35
escribir -5 -1 36
( -73 -1 36
num% -52 -2 36
) -74 -1 36
; -75 -1 36
repetir -9 -1 37
inicio -2 -1 38
escribir -5 -1 39
( -73 -1 39
num% -52 -2 39
) -74 -1 39
; -75 -1 39
leer -4 -1 40
( -73 -1 40
letra$ -53 -2 40
) -74 -1 40
; -75 -1 40
fin -3 -1 41
hasta -10 -1 42
( -73 -1 42
letra$ -53 -2 42
== -35 -1 42
"n" -63 -1 42
) -74 -1 42
; -75 -1 42
fin -3 -1 43
fin -3 -1 45
escribir -5 -1 46
( -73 -1 46
"fin" -63 -1 46
) -74 -1 46
; -75 -1 46
d% -52 -2 47
= -26 -1 47
56.8 -62 -1 47
; -75 -1 47
escribir -5 -1 48
( -73 -1 48
d% -52 -2 48
) -74 -1 48
; -75 -1 48
log# -54 -2 49
= -26 -1 49
false -65 -1 49
; -75 -1 49
escribir -5 -1 50
( -73 -1 50
log# -54 -2 50
) -74 -1 50
; -75 -1 50
fin -3 -1 51
programa -1 -1 2
uno@ -55 -1 2
; -75 -1 2
variables -15 -1 3
entero -11 -1 4
a& -51 -2 4
, -76 -1 4
b& -51 -2 4
, -76 -1 4
suma& -51 -2 4
; -75 -1 4
real -12 -1 5
num% -52 -2 5
, -76 -1 5
c% -52 -2 5
, -76 -1 5
d% -52 -2 5
; -75 -1 5
entero -11 -1 6
, -76 -1 6
; -75 -1 6
cadena -13 -1 7
letra$ -53 -2 7
, -76 -1 7
caracter$ -53 -2 7
; -75 -1 7
logico -14 -1 8
valor# -54 -2 8
, -76 -1 8
log# -54 -2 8
; -75 -1 8
inicio -2 -1 9
leer -4 -1 11
( -73 -1 11
a& -51 -2 11
) -74 -1 11
; -75 -1 11
leer -4 -1 12
( -73 -1 12
b& -51 -2 12
) -74 -1 12
; -75 -1 12
si -6 -1 13
( -73 -1 13
a& -51 -2 13
> -33 -1 13
b& -51 -2 13
) -74 -1 13
entonces -16 -1 13
inicio -2 -1 14
leer -4 -1 15
( -73 -1 15
suma& -51 -2 15
) -74 -1 15
; -75 -1 15
a& -51 -2 16
= -26 -1 16
( -73 -1 16
b& -51 -2 16
* -21 -1 16
( -73 -1 16
suma& -51 -2 16
+ -24 -1 16
10 -61 -1 16
) -74 -1 16
) -74 -1 16
- -25 -1 16
a& -51 -2 16
; -75 -1 16
escribir -5 -1 17
( -73 -1 17
a& -51 -2 17
) -74 -1 17
; -75 -1 17
mientras -8 -1 18
( -73 -1 18
b& -51 -2 18
> -33 -1 18
20 -61 -1 18
) -74 -1 18
hacer -17 -1 18
inicio -2 -1 19
si -6 -1 20
( -73 -1 20
b$ -53 -2 20
< -31 -1 20
50 -61 -1 20
|| -42 -1 20
suma& -51 -2 20
<= -32 -1 20
30 -61 -1 20
) -74 -1 20
entonces -16 -1 20
inicio -2 -1 21
b& -51 -2 22
= -26 -1 22
suma& -51 -2 22
- -25 -1 22
3 -61 -1 22
; -75 -1 22
fin -3 -1 23
leer -4 -1 24
( -73 -1 24
b& -51 -2 24
) -74 -1 24
; -75 -1 24
escribir -5 -1 25
( -73 -1 25
b& -51 -2 25
) -74 -1 25
; -75 -1 25
fin -3 -1 26
fin -3 -1 27
sino -7 -1 28
inicio -2 -1 29
leer -4 -1 30
( -73 -1 30
letra$ -53 -2 30
) -74 -1 30
; -75 -1 30
escribir -5 -1 31
( -73 -1 31
letra$ -53 -2 31
) -74 -1 31
; -75 -1 31
leer -4 -1 32
( -73 -1 32
valor# -54 -2 32
) -74 -1 32
; -75 -1 32
mientras -8 -1 33
( -73 -1 33
valor# -54 -2 33
== -35 -1 33
true -64 -1 33
) -74 -1 33
hacer -17 -1 33
inicio -2 -1 34
leer -4 -1 35
( -73 -1 35
valor# -54 -2 35
) -74 -1 35
; -75 -1 35
num% -52 -2 36
= -26 -1 36
( -73 -1 36
30.56 -62 -1 36
/ -22 -1 36
c% -52 -2 36
) -74 -1 36
+ -24 -1 36
d% -52 -2 36
* -21 -1 36
7.4 -62 -1 36
; -75 -1 36
escribir -5 -1 37
( -73 -1 37
num% -52 -2 37
) -74 -1 37
; -75 -1 37
repetir -9 -1 38
inicio -2 -1 39
escribir -5 -1 40
( -73 -1 40
num% -52 -2 40
) -74 -1 40
; -75 -1 40
leer -4 -1 41
( -73 -1 41
letra$ -53 -2 41
) -74 -1 41
; -75 -1 41
fin -3 -1 42
hasta -10 -1 43
( -73 -1 43
letra$ -53 -2 43
== -35 -1 43
"n" -63 -1 43
) -74 -1 43
; -75 -1 43
fin -3 -1 44
fin -3 -1 46
escribir -5 -1 47
( -73 -1 47
"fin" -63 -1 47
) -74 -1 47
; -75 -1 47
d% -52 -2 48
= -26 -1 48
56.8 -62 -1 48
; -75 -1 48
escribir -5 -1 49
( -73 -1 49
d% -52 -2 49
) -74 -1 49
; -75 -1 49
log# -54 -2 50
= -26 -1 50
false -65 -1 50
; -75 -1 50
escribir -5 -1 51
( -73 -1 51
log# -54 -2 51
) -74 -1 51
; -75 -1 51
fin -3 -1 52
